14 24 33 37 43 136 147 189 197 204 224 244 284 287 304 409 414 424 426 480 504 543 557 568 601 658 679 680 681 696 729 759 782 829 876 891 900 908 912 920 930 956 962 963 991 
0 15 83 138 157 173 183 246 261 270 278 293 299 379 399 402 412 428 429 468 519 521 534 554 611 689 746 772 783 795 806 808 811 842 846 849 878 887 898 936 939 952 996 997 
11 34 60 71 98 125 131 163 186 194 203 222 259 334 353 388 397 410 416 430 449 461 470 477 488 540 585 589 599 604 619 625 627 645 677 749 763 809 855 859 879 953 975 
22 52 64 208 210 273 322 337 338 342 354 368 394 454 509 522 530 560 606 609 644 693 752 753 762 792 793 810 828 848 870 881 915 919 942 959 960 967 970 980 985 
3 29 81 120 146 161 167 170 207 211 271 277 288 344 357 457 465 485 496 511 531 550 552 617 639 646 672 676 691 744 773 791 794 801 843 854 862 865 950 966 
5 7 9 28 148 150 231 236 272 274 282 320 331 393 403 432 433 490 492 528 532 544 553 563 569 595 597 614 618 619 686 692 694 718 726 784 796 858 890 892 901 976 
13 58 65 70 73 106 178 185 218 229 232 237 247 268 286 292 349 361 380 414 418 420 455 472 484 501 505 515 615 656 661 665 674 695 883 909 918 937 986 998 
17 20 67 75 76 79 85 104 115 126 135 153 158 346 359 363 427 446 459 500 555 573 582 587 620 654 690 708 734 741 786 812 816 877 931 965 968 
23 68 90 103 128 174 175 217 238 240 281 308 405 417 463 486 512 523 525 527 529 532 536 541 547 621 657 666 719 754 814 833 845 880 921 938 949 979 982 995 
118 129 130 155 174 180 191 252 275 356 378 404 415 441 453 462 491 539 579 687 728 731 738 758 764 768 790 815 820 832 844 927 941 957 958 971 989 
32 41 50 94 99 149 152 195 215 223 245 266 324 365 391 439 467 478 508 526 558 559 572 574 593 605 642 659 664 785 867 906 944 954 983 988 992 
27 30 47 61 102 137 141 172 220 400 423 444 475 524 535 577 583 588 647 667 668 670 673 703 715 765 778 794 875 886 917 925 943 969 977 
8 36 38 55 62 78 100 111 116 117 160 233 249 298 311 355 384 471 538 542 545 624 638 798 823 860 863 866 899 904 905 929 935 948 978 990 993 999 
35 42 95 133 171 181 226 228 265 320 341 371 374 381 458 502 566 600 633 637 651 677 711 727 739 788 800 813 830 835 857 893 911 922 947 974 984 
16 31 44 164 169 176 190 212 226 318 326 327 339 347 351 352 373 389 401 417 489 495 663 713 748 751 756 769 770 787 825 910 926 964 972 
63 110 221 242 296 312 383 386 407 434 438 440 452 460 497 507 546 561 565 575 632 653 683 722 743 757 817 831 872 923 928 945 955 
1 19 25 119 121 162 199 200 260 297 300 309 310 317 395 422 559 562 570 591 616 634 648 705 706 802 871 888 896 913 946 981 
86 112 114 145 291 332 335 370 421 435 436 450 551 581 623 630 675 699 737 750 761 803 818 841 885 902 934 940 961 973 994 
2 4 53 54 109 127 140 234 258 267 343 382 419 431 442 494 514 520 576 612 626 631 733 819 834 838 852 853 868 884 
59 69 92 108 113 124 143 144 156 177 302 362 376 411 473 548 571 596 678 682 702 760 767 774 805 837 839 847 873 895 897 951 
84 89 96 168 213 251 262 263 289 474 482 503 506 533 607 629 641 662 720 721 732 775 779 821 850 861 869 933 
6 12 82 91 122 187 196 295 306 307 314 375 451 456 479 516 537 580 608 635 655 717 776 826 882 903 916 
21 132 166 202 227 255 257 264 316 319 325 328 345 360 369 387 398 481 508 650 669 684 709 747 781 840 
18 57 97 134 209 243 248 315 323 366 385 443 445 464 469 476 487 549 602 649 671 701 725 766 807 
66 77 107 182 206 235 279 294 364 390 392 447 590 622 636 685 688 707 724 736 824 827 907 924 
39 40 93 192 205 269 283 303 333 340 350 448 517 556 564 584 594 613 652 716 723 789 797 
10 46 188 198 216 256 290 301 305 321 336 367 372 498 643 660 697 704 710 742 755 799 894 
26 45 48 74 87 101 123 142 159 184 214 230 254 280 330 408 499 510 513 610 628 856 864 
49 51 56 80 165 179 219 377 413 425 493 578 598 698 700 712 714 745 777 804 836 
72 88 105 151 193 201 225 239 276 313 348 358 396 437 640 730 771 822 851 874 889 987 
139 154 241 250 253 285 329 406 483 518 567 586 592 603 735 740 780 
466 914 932 
