60 61 69 80 109 151 159 167 191 224 225 238 247 271 281 311 312 384 385 404 410 431 487 501 528 550 554 557 588 620 660 702 760 768 873 903 917 927 932 934 944 950 956 998 
13 77 83 100 120 125 143 147 186 198 243 293 301 345 407 457 461 468 469 473 490 526 595 628 633 639 654 675 705 713 721 777 779 796 810 826 875 890 928 933 949 955 976 982 
3 24 76 154 226 239 253 291 299 324 378 391 397 399 400 429 447 527 575 580 601 669 688 722 732 735 739 748 786 799 803 906 912 914 923 935 964 968 971 981 985 996 997 
6 116 178 197 218 220 232 246 290 332 365 372 411 428 459 464 495 566 577 585 648 663 674 693 708 711 725 743 759 761 785 793 816 831 839 889 904 931 946 991 
49 81 89 134 172 177 206 212 213 228 245 248 259 292 308 322 346 369 386 423 438 442 470 476 513 514 539 544 545 569 609 642 749 883 907 919 921 942 957 961 967 999 
2 41 67 107 142 205 217 251 264 266 287 310 354 392 427 467 483 525 572 617 619 622 652 681 738 780 802 811 812 827 853 877 885 898 924 948 979 983 
5 33 47 85 88 95 110 115 138 204 249 255 263 275 309 313 338 432 446 456 488 573 587 600 607 630 641 670 691 700 750 754 755 855 867 879 881 896 938 941 954 975 
8 15 21 54 64 117 140 182 183 273 285 334 335 349 350 351 381 402 479 484 499 511 523 540 549 576 586 646 653 684 775 886 901 922 939 969 990 
51 108 119 145 149 160 229 231 233 276 282 296 343 417 418 435 460 481 491 522 529 590 651 659 706 757 774 783 856 926 930 937 945 959 960 962 965 989 
14 155 156 163 210 234 254 279 320 358 370 430 448 509 533 565 570 574 634 650 662 668 687 703 718 751 758 790 800 808 845 854 857 900 970 977 994 
22 43 89 131 185 223 242 260 300 315 316 421 425 463 480 486 492 500 502 546 571 599 602 624 656 664 679 689 742 763 825 847 864 868 895 905 951 972 986 
16 40 52 55 78 92 96 98 164 176 240 270 286 288 339 403 458 489 494 521 563 604 643 676 746 764 818 821 846 859 899 940 953 966 984 988 992 
0 58 112 113 129 144 161 179 188 194 222 230 278 321 333 336 344 357 406 415 445 532 583 603 627 644 694 709 720 806 823 848 897 910 
45 70 203 261 284 294 376 388 394 408 452 471 555 559 560 582 596 667 672 682 715 723 744 747 778 830 840 841 852 870 891 925 943 952 974 
20 39 53 71 90 94 103 135 157 170 173 180 181 189 192 215 262 314 371 387 451 466 640 697 767 773 788 805 862 880 909 978 993 995 
12 30 44 47 57 72 104 111 122 124 127 268 280 318 348 375 393 419 422 426 551 556 562 584 677 728 752 781 801 809 878 888 913 929 
7 26 34 50 63 85 123 267 374 433 453 477 482 497 504 520 530 536 561 593 625 632 636 699 707 740 771 874 908 916 947 963 973 980 
10 46 106 118 132 141 195 201 236 295 362 363 373 389 405 436 537 558 645 661 704 731 733 737 741 772 819 861 863 866 
42 133 148 207 283 331 355 361 383 412 449 450 474 478 512 517 531 567 610 611 649 686 696 770 776 828 850 876 902 915 958 
19 27 105 114 136 150 250 256 269 272 302 353 395 413 441 444 454 637 657 666 695 712 753 792 807 815 858 869 887 918 
9 56 68 99 158 235 297 323 341 360 414 420 439 553 564 618 635 655 690 701 727 729 734 745 835 842 894 
1 17 91 102 121 211 216 258 340 380 416 440 507 524 543 589 615 673 716 817 820 822 833 843 871 893 911 920 
11 37 38 73 168 184 187 209 252 265 319 356 367 443 505 510 605 658 685 710 717 756 784 851 872 892 
32 48 65 87 93 126 137 153 166 193 306 327 379 506 578 591 614 616 678 791 795 798 829 832 836 
4 35 74 162 171 190 199 241 330 337 364 377 455 462 508 518 538 542 581 594 698 766 789 814 
18 62 165 200 202 208 298 304 307 317 382 465 547 548 568 608 692 736 834 837 844 865 882 884 
75 86 101 130 139 196 214 221 277 338 359 409 493 516 534 598 613 626 665 714 765 813 838 849 
25 29 31 84 97 174 305 328 368 390 434 503 515 535 552 579 592 597 623 762 769 797 
36 128 152 169 274 289 366 398 401 424 437 606 612 621 666 680 724 730 782 794 804 824 860 
23 28 146 175 219 227 237 244 303 325 396 475 496 519 629 638 647 671 787 896 987 
59 66 79 82 257 326 329 342 347 352 472 485 498 541 631 683 719 726 
936 
