1 3 15 48 56 69 83 106 114 123 142 166 170 194 215 275 276 287 316 323 333 346 363 375 381 418 438 443 450 484 527 545 557 572 634 656 700 718 751 806 812 829 943 945 957 
8 62 154 169 197 244 246 271 296 299 317 347 353 356 409 441 452 464 470 496 508 517 542 547 558 574 586 599 608 609 662 697 706 745 834 851 892 926 972 977 
37 70 83 88 103 107 112 131 136 147 205 242 339 344 348 352 366 385 424 436 470 481 543 555 576 596 627 649 668 670 690 713 719 735 743 772 796 797 835 863 864 873 932 937 992 
0 40 63 83 90 96 105 143 156 170 187 211 249 261 268 290 330 369 383 397 448 471 477 478 494 524 537 592 597 606 626 644 668 674 675 686 687 738 755 784 846 870 964 981 994 
30 46 80 117 176 200 207 234 255 278 295 357 371 377 384 387 404 434 442 460 466 476 492 499 552 570 598 607 637 665 736 744 775 787 794 808 854 859 948 961 
9 60 96 120 170 195 205 210 228 229 233 247 284 290 302 326 328 345 349 386 421 430 433 459 475 487 488 510 518 521 554 566 588 590 620 633 648 673 698 703 709 768 813 818 826 841 885 891 976 984 990 999 
33 38 52 73 83 130 135 196 219 280 281 379 388 401 402 419 425 433 440 461 462 480 489 510 516 549 564 584 619 638 663 766 770 807 810 811 853 867 955 960 983 
11 33 49 77 86 162 165 167 221 251 257 273 303 322 359 405 458 581 597 666 682 704 723 726 758 819 823 847 858 875 886 888 901 910 918 919 986 
6 21 33 41 42 78 133 140 150 170 179 212 237 254 283 342 343 350 361 372 395 425 449 468 469 472 486 497 506 515 529 567 571 600 628 636 793 833 880 894 912 947 966 996 
5 24 26 45 50 93 126 127 188 225 248 253 262 291 337 394 426 467 482 577 611 615 639 643 716 741 799 850 890 922 930 942 967 988 
19 81 141 146 160 164 190 261 298 315 327 368 393 505 511 526 560 574 578 617 651 655 671 678 707 725 767 817 841 861 883 936 951 965 973 979 997 
20 33 74 78 89 96 110 153 168 199 224 250 273 282 308 322 351 378 379 403 417 427 446 453 465 483 546 550 571 618 624 658 684 685 724 776 816 828 862 867 900 902 938 954 975 
35 47 53 87 116 129 152 159 214 249 250 267 293 305 307 320 332 336 345 349 351 413 422 438 447 495 568 622 641 653 693 737 742 748 848 877 879 924 968 993 
2 14 36 39 64 66 118 124 178 186 213 220 235 311 368 370 376 390 396 406 415 420 423 490 513 530 533 582 594 602 661 679 740 753 780 836 843 939 
17 27 57 58 79 84 92 108 110 136 177 217 240 411 473 474 509 519 563 569 579 659 664 798 801 860 871 881 906 911 914 923 946 959 963 969 
25 65 85 96 100 113 191 231 239 241 256 272 274 294 318 331 362 380 398 479 510 512 521 522 570 614 621 645 654 683 699 701 759 824 830 845 909 915 971 
12 34 68 96 97 122 138 145 161 163 183 206 220 265 335 507 575 583 613 635 657 677 715 731 763 789 809 821 827 855 917 928 933 940 
16 18 28 33 55 66 96 107 173 193 238 243 259 300 307 384 392 501 520 530 553 556 559 573 585 646 739 750 761 771 815 852 904 934 944 956 
33 83 100 222 277 297 358 408 437 454 463 500 510 523 562 565 605 610 616 652 667 694 708 721 727 732 749 781 849 865 866 868 878 908 921 978 
29 59 91 139 170 182 226 245 269 274 340 456 498 503 521 528 591 595 756 782 785 791 803 842 856 876 889 898 907 925 
43 76 95 98 102 174 252 292 364 399 407 431 510 514 548 593 623 640 650 680 692 714 728 869 950 953 985 
10 75 132 158 180 232 264 266 329 429 502 510 603 632 689 747 786 800 825 840 887 896 903 905 935 958 987 
7 31 101 109 115 121 170 263 270 304 354 380 435 444 455 544 625 647 712 722 729 769 820 872 874 927 970 989 991 995 
42 67 82 137 209 227 286 306 389 416 428 491 535 539 601 604 612 629 669 691 733 760 804 839 882 
4 54 61 83 111 148 151 171 201 223 279 325 334 532 534 630 642 676 730 746 774 778 941 949 962 
72 119 144 157 181 192 285 312 313 319 374 451 525 696 711 752 765 783 814 837 838 857 897 920 
32 149 170 185 216 236 307 309 316 355 367 400 410 504 510 538 660 702 720 777 893 895 899 931 952 980 982 
22 23 51 71 104 125 134 155 172 175 204 258 310 373 540 587 672 710 792 795 831 
44 202 203 218 230 260 324 338 536 541 551 589 631 688 754 762 788 832 929 974 998 
94 187 289 301 314 360 365 382 432 457 485 493 717 734 779 790 805 822 844 913 
99 170 189 205 208 290 321 341 412 414 439 510 561 580 695 764 773 884 916 
184 391 445 510 531 757 802 
13 681 705 
128 198 288 
