9 58 80 129 131 145 164 189 234 245 256 276 306 309 324 339 356 397 415 456 464 487 508 541 545 547 583 595 609 626 702 707 721 795 841 857 871 874 882 903 931 932 941 976 982 
6 22 37 41 59 60 62 63 87 108 212 230 275 282 292 310 325 411 422 423 477 492 497 572 640 650 655 656 665 698 709 728 741 755 775 786 851 853 887 890 913 936 953 970 
47 65 73 103 104 114 118 124 128 163 168 180 188 199 209 264 360 404 429 438 485 540 557 569 617 647 663 677 727 752 774 778 782 817 818 856 879 885 894 924 945 950 955 980 
123 169 179 200 257 259 319 337 354 357 382 384 403 409 457 465 474 475 494 501 520 531 537 556 565 594 623 627 631 691 712 718 740 773 807 821 833 836 906 933 996 997 
16 38 45 49 61 86 92 121 142 160 173 174 270 272 296 312 344 362 405 414 421 450 461 469 500 511 518 576 588 629 639 654 679 749 766 837 886 915 940 973 
12 16 44 54 69 81 107 119 122 156 181 214 225 373 383 390 395 408 420 431 459 476 529 560 570 602 618 660 685 715 722 743 748 776 800 865 878 926 974 988 
20 25 56 149 171 220 280 283 293 300 304 364 367 368 389 412 439 440 489 581 610 638 673 674 704 764 803 814 835 872 896 897 899 910 925 930 956 964 972 977 981 
1 2 4 18 155 198 201 218 253 260 278 284 349 350 351 375 433 449 496 505 526 577 578 589 683 750 780 787 797 806 825 828 919 947 952 961 989 993 999 
52 85 93 112 133 139 177 237 241 263 271 274 294 305 315 370 406 427 456 562 595 600 605 633 659 717 724 738 763 770 789 793 822 854 918 927 968 978 
50 96 115 132 178 206 238 247 268 269 295 340 358 369 391 446 451 507 606 611 621 622 642 658 671 672 680 682 686 710 713 734 757 769 810 844 938 995 
23 64 100 157 175 186 191 216 240 285 288 311 410 453 454 455 460 478 522 551 599 616 646 676 688 697 705 727 733 769 784 792 804 813 895 905 957 975 
46 127 251 327 343 347 355 380 388 417 432 444 479 483 566 579 590 592 598 657 668 684 701 754 762 809 840 843 846 884 935 944 946 960 965 
109 147 151 172 213 252 313 363 396 402 452 458 463 466 517 555 563 603 624 651 652 667 678 730 745 759 768 781 827 875 916 922 951 984 998 
77 79 113 134 159 182 187 229 317 330 342 419 435 447 468 482 625 637 694 725 747 765 777 788 801 815 826 830 901 902 928 937 959 979 991 
24 28 55 78 90 165 166 226 254 281 291 345 376 379 424 442 548 549 591 653 681 690 726 756 834 848 862 880 883 891 923 929 990 
35 51 82 125 183 233 236 250 386 473 513 514 532 553 580 593 664 670 696 720 753 785 798 816 829 856 889 909 920 942 943 954 962 963 966 
26 68 185 195 205 246 275 303 329 331 341 348 378 394 449 510 525 535 596 644 662 736 742 812 847 867 873 881 912 932 939 971 983 987 994 
14 17 66 126 135 144 217 248 262 273 335 346 377 499 538 608 636 695 706 735 737 791 794 831 845 850 852 855 893 969 
15 27 57 71 102 193 196 204 255 298 308 334 381 430 448 515 554 585 586 620 689 729 744 746 761 767 783 799 868 934 
11 67 141 161 162 249 261 285 323 359 490 521 530 536 558 564 601 614 619 641 790 849 866 869 949 958 967 986 992 
3 36 48 72 88 110 116 190 192 210 267 318 353 416 462 471 512 539 544 546 559 575 587 589 597 643 692 739 864 
30 33 70 84 94 111 123 167 227 321 374 398 418 443 467 498 509 607 649 675 703 711 731 832 877 888 904 948 
0 5 7 8 10 13 32 53 76 89 136 143 184 208 221 224 244 352 504 519 550 666 758 772 811 860 
40 99 130 152 154 158 207 228 231 326 328 338 387 400 426 437 491 493 516 543 645 861 892 900 917 
29 91 148 223 266 279 290 299 307 322 336 365 441 472 484 533 573 604 628 708 723 760 839 859 914 
34 42 74 95 101 105 120 194 202 222 235 265 399 401 413 488 502 567 630 699 805 842 876 921 
21 39 43 98 146 203 242 258 286 301 302 361 372 392 503 527 528 534 542 552 571 693 863 
83 97 117 137 138 140 170 232 243 320 385 393 425 445 470 481 524 615 634 714 808 985 
75 106 153 176 211 219 239 277 314 407 434 486 495 568 574 584 612 632 687 700 716 796 823 
287 289 316 332 371 428 436 480 506 523 561 582 613 635 732 751 802 819 858 898 907 911 
19 31 150 197 215 297 333 366 648 661 669 719 779 820 824 870 908 
771 838 
