1	12 20 
2	2 
3	9 
4	6 
5	9 
6	7 
7	20 
8	7 
9	27 
10	7 
11	8 
12	14 
13	20 
14	1 
15	18 
16	12 
17	22 
18	29 
19	16 
20	2 
21	29 
22	4 
23	15 
24	25 
25	18 
26	2 17 
27	13 
28	11 
29	7 
30	6 
31	11 
32	22 
33	28 
34	18 30 
35	14 
36	7 19 
37	27 
38	18 
39	27 
40	10 
41	10 
42	28 
43	19 
44	18 
45	22 
46	13 
47	8 
48	11 
49	13 
50	24 
51	7 28 
52	24 
53	15 
54	9 
55	9 
56	27 
57	24 
58	16 
59	1 13 
60	31 
61	14 
62	11 
63	27 
64	3 
65	15 
66	1 
67	17 
68	29 
69	25 
70	31 
71	1 4 
72	14 21 
73	5 
74	1 
75	13 14 
76	29 
77	29 
78	17 
79	6 27 
80	29 
81	24 
82	6 27 
83	20 
84	12 
85	23 
86	29 
87	21 
88	13 
89	5 
90	23 
91	25 
92	20 
93	31 
94	10 
95	28 
96	19 
97	23 
98	16 
99	14 
100	28 
101	27 
102	13 
103	11 
104	25 
105	29 
106	5 
107	1 
108	17 
109	31 
110	9 
111	3 
112	27 
113	21 
114	31 
115	21 
116	29 
117	27 
118	27 
119	26 
120	2 
121	6 27 
122	2 
123	20 
124	13 
125	31 
126	14 21 
127	29 
128	9 
129	25 
130	26 
131	26 
132	14 
133	4 
134	19 
135	16 
136	29 
137	18 
138	11 
139	12 
140	30 
141	9 
142	11 
143	13 
144	31 
145	31 
146	21 
147	6 
148	18 
149	7 
150	28 
151	7 
152	5 
153	28 
154	29 
155	15 30 
156	26 28 
157	31 
158	12 
159	29 
160	13 
161	27 
162	6 
163	2 
164	14 
165	22 
166	24 
167	4 30 
168	6 
169	14 23 
170	22 
171	6 12 
172	19 
173	11 
174	12 
175	25 26 
176	25 
177	22 
178	31 
179	1 
180	24 
181	26 
182	19 
183	17 
184	12 
185	13 
186	1 
187	14 
188	20 
189	8 
190	18 
191	22 
192	26 
193	10 
194	5 
195	14 
196	28 
197	20 
198	18 
199	8 
200	2 
201	2 
202	5 
203	4 
204	14 26 
205	18 
206	10 
207	17 
208	6 
209	15 
210	16 
211	15 
212	6 
213	22 
214	23 
215	13 
216	28 
217	8 
218	25 
219	1 
220	24 
221	11 
222	3 
223	14 
224	28 
225	18 
226	5 
227	19 22 
228	4 
229	19 
230	1 6 
231	13 
232	7 
233	1 
234	27 
235	9 
236	17 
237	7 
238	1 
239	25 26 
240	5 
241	25 
242	30 
243	3 
244	16 
245	18 
246	28 
247	12 
248	1 28 
249	16 
250	27 
251	30 
252	23 
253	26 
254	30 
255	13 
256	4 
257	8 
258	4 
259	9 
260	14 
261	2 
262	12 
263	23 
264	23 
265	4 19 
266	19 
267	28 
268	9 
269	1 
270	10 
271	12 
272	6 
273	7 18 
274	15 
275	7 
276	26 
277	5 
278	6 7 
279	12 
280	17 
281	13 
282	25 
283	7 21 
284	10 
285	18 31 
286	30 
287	1 
288	18 
289	6 
290	23 
291	8 
292	21 
293	1 
294	12 
295	17 
296	20 
297	3 
298	2 
299	27 
300	12 
301	2 
302	8 
303	31 
304	10 17 
305	18 
306	7 8 
307	20 
308	20 
309	25 
310	2 3 
311	2 
312	27 
313	3 
314	5 
315	20 
316	16 
317	4 
318	2 
319	22 
320	4 
321	7 19 
322	8 
323	15 
324	16 
325	6 28 
326	4 
327	22 
328	22 
329	4 
330	30 
331	13 
332	7 17 
333	21 
334	10 21 
335	14 
336	21 
337	8 
338	15 
339	15 
340	22 
341	10 
342	19 
343	15 
344	9 
345	6 
346	4 31 
347	29 
348	22 
349	5 
350	1 
351	10 
352	22 
353	22 
354	12 14 
355	15 
356	27 
357	26 
358	6 
359	5 
360	29 
361	4 12 
362	1 
363	31 
364	29 
365	17 
366	28 
367	16 
368	8 
369	15 
370	4 
371	21 
372	19 
373	8 
374	22 
375	19 
376	20 
377	31 
378	24 
379	26 
380	12 
381	1 
382	19 
383	9 
384	3 27 
385	27 
386	16 
387	3 
388	4 
389	14 
390	22 
391	17 
392	28 
393	17 
394	7 26 
395	15 
396	2 
397	5 
398	14 
399	4 
400	12 
401	11 
402	22 
403	12 
404	7 
405	26 
406	25 
407	30 
408	3 
409	13 
410	18 
411	14 
412	31 
413	12 
414	24 
415	1 18 
416	26 
417	14 
418	22 25 
419	1 6 
420	9 
421	1 
422	21 
423	2 
424	11 
425	18 28 
426	24 
427	18 
428	29 
429	12 
430	12 23 
431	14 
432	9 
433	7 
434	7 
435	3 
436	21 
437	21 
438	5 11 
439	3 14 
440	28 
441	3 
442	26 
443	9 
444	16 
445	11 
446	16 
447	29 
448	17 
449	10 
450	14 
451	21 
452	20 
453	3 
454	26 
455	15 
456	1 
457	20 
458	6 
459	19 
460	29 
461	3 
462	14 
463	26 
464	21 25 
465	16 
466	6 
467	6 21 
468	28 
469	12 
470	16 
471	14 
472	27 
473	1 28 
474	29 31 
475	23 
476	11 
477	16 
478	14 
479	28 
480	20 
481	18 21 
482	4 
483	23 
484	30 
485	1 
486	6 
487	25 
488	16 
489	14 26 
490	22 
491	7 
492	26 
493	7 
494	24 
495	9 
496	22 
497	6 
498	3 
499	8 
500	13 
501	29 
502	1 
503	19 
504	23 
505	18 
506	1 
507	23 
508	3 
509	4 28 
510	15 
511	13 
512	6 
513	25 
514	13 
515	9 
516	1 
517	20 
518	10 
519	30 
520	12 
521	9 
522	12 
523	15 
524	25 
525	11 
526	25 
527	28 
528	25 
529	7 
530	25 
531	15 
532	6 
533	7 25 
534	23 
535	12 
536	11 21 
537	25 
538	20 
539	27 
540	26 
541	14 
542	25 
543	27 
544	18 
545	7 
546	27 
547	3 
548	25 
549	11 31 
550	16 
551	6 
552	21 
553	6 
554	7 
555	12 
556	29 
557	10 
558	18 
559	28 
560	2 28 
561	15 
562	3 
563	2 
564	7 
565	10 
566	3 
567	19 
568	30 
569	18 27 
570	7 
571	2 
572	31 
573	28 
574	29 
575	28 
576	3 
577	9 
578	11 
579	24 
580	26 
581	20 
582	21 
583	29 
584	11 18 
585	10 
586	14 
587	30 
588	29 
589	11 
590	14 
591	17 
592	2 
593	30 
594	28 
595	10 
596	7 
597	31 
598	7 
599	24 
600	14 
601	19 
602	18 24 
603	16 
604	30 
605	14 
606	28 
607	15 
608	23 
609	20 
610	15 
611	13 
612	12 
613	9 
614	10 
615	7 15 
616	1 
617	2 
618	6 
619	7 
620	7 14 
621	29 
622	25 
623	17 
624	21 
625	27 
626	14 
627	9 
628	14 
629	13 
630	23 
631	21 
632	9 
633	3 
634	19 
635	2 
636	20 
637	17 
638	19 
639	25 27 
640	6 
641	5 
642	23 
643	28 
644	8 
645	15 
646	14 
647	6 
648	11 
649	2 
650	15 16 
651	4 
652	19 
653	2 10 
654	3 
655	29 
656	20 
657	1 
658	25 
659	18 
660	28 
661	8 
662	1 29 
663	23 
664	22 
665	28 
666	1 
667	25 
668	11 
669	11 
670	4 
671	11 
672	16 
673	6 
674	11 
675	1 
676	21 
677	6 
678	14 19 
679	31 
680	18 
681	18 
682	18 
683	31 
684	3 
685	4 
686	17 
687	7 
688	26 
689	17 
690	12 
691	15 29 
692	6 
693	7 
694	15 
695	7 
696	1 
697	18 
698	8 
699	24 
700	21 
701	24 
702	16 
703	31 
704	11 
705	8 
706	2 
707	2 
708	17 
709	29 
710	4 
711	8 
712	19 
713	24 
714	22 
715	24 
716	11 
717	10 21 
718	20 
719	7 
720	25 
721	23 
722	23 27 
723	3 
724	10 
725	17 
726	16 
727	7 
728	19 
729	26 31 
730	18 
731	5 
732	26 
733	23 
734	9 
735	29 
736	30 
737	17 
738	21 
739	26 
740	19 
741	30 
742	29 
743	8 
744	3 7 
745	6 
746	24 
747	12 
748	4 
749	22 
750	14 
751	21 
752	22 
753	15 
754	15 
755	25 
756	8 
757	22 
758	3 
759	26 
760	18 
761	31 
762	21 
763	15 
764	14 18 
765	26 
766	11 12 
767	16 
768	31 
769	26 
770	22 
771	22 
772	5 
773	12 15 
774	6 
775	31 
776	23 
777	20 
778	24 
779	11 
780	23 
781	30 
782	4 
783	18 
784	12 
785	7 
786	28 
787	29 
788	22 
789	19 
790	10 
791	26 
792	6 
793	15 
794	15 
795	6 11 
796	12 
797	7 
798	10 
799	27 
800	8 
801	19 
802	6 
803	2 
804	21 
805	24 
806	31 
807	12 
808	16 
809	12 
810	14 
811	15 
812	12 
813	29 
814	19 
815	25 
816	26 
817	29 
818	3 
819	21 26 
820	9 
821	26 
822	23 
823	5 
824	27 
825	17 
826	22 
827	20 
828	17 
829	15 
830	18 
831	19 
832	3 
833	26 
834	25 
835	9 
836	19 
837	24 
838	31 
839	9 
840	31 
841	4 
842	21 
843	12 
844	6 
845	26 
846	25 
847	12 
848	28 31 
849	15 
850	12 
851	23 
852	5 
853	9 
854	9 
855	6 
856	14 15 
857	13 
858	19 
859	7 
860	14 
861	27 
862	23 
863	6 
864	27 
865	13 
866	6 
867	27 
868	28 
869	9 
870	23 
871	15 
872	2 
873	3 
874	8 31 
875	5 
876	11 
877	18 
878	29 
879	12 
880	14 26 
881	25 
882	15 
883	20 
884	1 
885	9 
886	21 
887	11 
888	12 
889	2 
890	5 14 
891	7 24 
892	18 
893	7 
894	19 
895	8 
896	31 
897	2 
898	31 
899	12 
900	27 
901	18 
902	7 
903	21 
904	1 20 
905	21 27 
906	27 
907	28 
908	17 
909	18 
910	1 
911	22 
912	19 
913	18 
914	2 18 
915	6 30 
916	15 
917	20 
918	11 
919	1 
920	15 
921	18 
922	25 28 
923	19 
924	3 
925	17 
926	11 
927	22 
928	26 
929	3 
930	27 
931	18 
932	15 29 
933	6 21 
934	23 
935	21 
936	27 
937	12 
938	1 
939	25 
940	12 
941	21 
942	26 
943	15 21 
944	11 
945	28 
946	3 
947	2 
948	19 
949	27 
950	25 
951	6 
952	31 
953	12 27 
954	14 
955	28 
956	3 
957	18 
958	26 
959	26 
960	15 
961	15 
962	21 
963	18 
964	18 
965	22 
966	29 
967	6 
968	15 
969	29 
970	11 
971	15 
972	26 
973	22 
974	21 
975	19 
976	14 
977	7 
978	11 
979	27 
980	25 
981	15 
982	2 7 
983	25 
984	28 
985	19 
986	15 
987	1 
988	5 21 
989	28 
990	26 
991	27 29 
992	18 
993	28 
994	11 27 
995	21 
996	25 
997	12 
998	12 21 
999	1 
1000	6 27 
