31 35 41 88 92 101 103 110 151 152 165 198 252 281 287 292 339 350 372 382 393 404 424 450 465 483 515 555 594 617 639 664 667 731 733 763 812 824 865 912 917 939 979 980 
4 21 23 59 104 106 116 158 212 216 258 301 341 381 410 416 464 480 511 545 548 573 578 620 632 652 695 745 759 764 775 800 814 836 843 857 892 903 908 914 975 981 
25 39 48 62 89 162 195 202 204 207 309 338 363 378 429 433 437 463 469 490 494 536 544 550 640 645 660 710 715 724 740 753 790 794 833 838 852 860 966 987 996 997 
63 65 115 122 155 166 213 223 227 232 236 241 257 280 299 311 325 340 356 376 408 489 533 543 579 588 598 626 635 680 682 703 711 718 727 757 842 875 920 967 970 972 
27 32 45 61 70 108 141 160 190 203 229 269 272 285 297 303 323 355 368 369 390 395 415 431 478 497 505 518 574 612 633 683 713 780 820 872 873 977 988 
40 52 56 68 83 164 172 173 175 250 270 277 347 353 360 379 407 409 440 461 479 527 549 572 576 580 581 594 604 623 646 651 659 665 712 730 766 772 818 827 858 860 889 964 
22 34 37 55 67 134 135 168 183 200 210 219 225 233 235 239 275 314 344 349 358 398 400 401 430 509 581 590 649 686 729 736 778 787 819 834 885 899 925 929 
77 84 111 142 144 148 171 189 197 208 226 237 274 279 435 439 444 451 500 503 510 512 551 587 591 618 656 692 776 797 822 851 905 907 911 923 945 992 
18 46 69 74 76 100 109 129 149 187 298 302 319 326 329 332 452 453 462 481 537 562 565 615 638 688 689 743 749 769 791 861 870 926 927 935 
1 72 188 192 196 215 247 295 343 364 374 386 411 419 474 493 495 529 559 600 601 624 647 676 687 694 714 750 795 823 832 878 887 915 951 990 
2 71 161 243 248 267 334 346 384 421 426 441 466 482 499 507 519 534 613 653 678 684 685 693 732 798 804 841 848 855 940 956 965 974 984 998 
36 53 95 117 127 176 177 218 234 265 294 373 425 443 539 557 596 609 634 642 672 701 702 720 774 782 806 810 821 840 906 942 954 962 963 
6 58 98 118 119 131 138 179 185 205 206 217 230 240 262 288 345 351 377 385 428 436 491 492 568 611 696 707 816 894 902 904 941 978 
8 10 78 91 120 244 266 322 328 354 446 521 541 606 625 658 662 663 704 719 758 796 815 828 850 862 869 896 931 938 943 947 950 973 999 
16 29 30 64 133 193 199 271 286 312 337 366 367 386 388 396 476 514 540 560 575 593 602 616 681 708 725 747 752 767 817 826 867 876 924 934 995 
3 26 184 197 278 282 284 336 342 383 467 472 498 528 561 585 605 636 643 650 674 722 742 768 784 788 802 825 879 937 968 971 982 994 
12 13 50 82 113 255 259 260 283 293 300 324 402 479 504 558 571 608 619 630 668 679 699 739 746 864 890 895 932 936 944 948 989 993 
66 99 105 121 124 128 136 150 167 201 228 245 289 331 333 362 417 427 459 475 523 671 677 709 756 829 831 854 880 958 
60 75 130 154 170 180 242 256 291 305 318 391 399 432 434 455 487 496 502 546 563 564 603 761 762 910 960 961 986 991 
5 24 51 178 220 221 296 307 317 365 406 422 445 471 535 592 621 627 637 654 690 726 751 777 835 856 881 891 955 976 
85 86 93 96 123 157 273 313 327 359 414 485 506 516 531 583 597 599 669 691 728 734 792 803 859 871 898 952 969 983 
33 112 182 191 253 254 264 371 392 460 513 525 567 569 584 628 644 655 698 717 723 735 754 807 808 844 874 957 
7 19 38 42 132 140 147 276 306 315 403 447 570 614 666 673 737 760 799 801 811 863 868 886 900 959 
194 209 231 348 457 458 486 488 501 538 553 556 607 610 641 670 705 789 837 847 877 882 901 949 
43 80 107 114 143 159 251 268 290 413 524 530 566 577 629 706 773 846 883 893 916 919 930 946 
0 17 47 97 102 126 163 186 211 224 352 370 423 454 520 532 697 721 744 748 779 809 933 
20 73 94 156 181 222 308 330 357 380 387 470 477 484 508 517 582 631 700 755 793 884 897 922 928 953 
15 57 81 169 238 246 261 263 389 397 442 552 586 589 648 675 716 738 783 813 913 985 
9 44 49 79 139 174 249 316 320 321 361 405 448 473 554 622 657 661 765 770 786 853 888 
54 90 137 145 153 214 310 335 375 394 412 438 456 468 542 547 595 771 781 830 849 918 
11 14 28 125 146 304 418 420 449 522 526 785 805 839 845 866 909 920 921 
87 741 
