37 70 103 107 112 136 147 235 242 254 339 344 348 352 366 385 424 436 442 481 543 555 567 576 596 627 649 668 670 713 719 735 743 772 796 797 835 863 864 873 932 937 992 
0 3 40 63 65 83 90 105 131 143 187 211 213 268 277 290 330 347 369 383 397 448 471 477 478 494 524 537 592 597 606 626 644 674 675 686 687 738 755 756 784 817 846 870 964 981 994 
1 15 48 56 69 106 114 123 142 166 194 215 250 275 276 287 316 323 333 342 346 363 375 381 418 443 450 484 527 545 557 572 634 656 700 718 751 806 812 829 943 945 957 
8 62 154 169 197 222 244 246 271 296 299 317 356 409 441 452 464 496 508 517 542 547 558 574 586 599 608 609 662 697 705 745 834 851 892 926 972 977 
38 52 73 130 135 196 219 280 281 388 391 401 402 419 440 461 462 480 489 516 549 564 568 584 619 638 663 766 770 807 810 811 853 867 955 960 983 
6 60 64 120 195 210 217 228 229 233 247 284 302 304 326 421 430 433 459 475 487 488 510 518 554 566 588 633 648 673 698 703 709 768 813 818 826 885 891 976 984 990 999 
5 24 26 45 50 93 126 127 188 225 248 253 262 291 337 349 394 426 467 482 577 611 615 635 643 716 741 799 850 890 922 930 942 967 988 
10 21 41 78 99 133 140 150 179 184 205 212 237 261 283 343 372 395 425 468 469 472 486 497 506 515 521 529 571 600 628 636 793 833 880 894 912 947 966 996 
12 34 68 122 128 138 145 161 163 183 198 206 220 265 288 335 507 575 583 613 657 677 715 731 763 789 809 821 827 855 917 928 933 940 
35 47 53 65 87 116 124 129 152 159 214 239 249 267 273 293 320 332 336 345 351 413 422 438 447 449 495 502 590 622 641 653 693 737 742 748 848 877 924 968 971 993 
20 65 74 89 110 153 168 199 224 273 282 308 322 378 403 417 427 446 453 465 483 546 550 618 624 658 684 685 724 776 816 828 862 900 902 938 954 975 
30 46 80 117 176 200 207 234 255 278 295 307 357 367 368 371 377 387 404 460 466 476 492 499 552 570 598 607 637 665 736 744 775 787 794 808 854 859 948 961 
33 83 88 97 100 222 277 297 322 358 361 408 437 454 463 500 502 523 562 565 605 610 616 620 639 652 667 694 708 721 732 749 780 781 849 865 866 868 878 908 921 978 
19 81 137 141 146 164 190 234 298 315 327 353 393 434 505 511 526 560 578 617 651 655 671 707 767 841 861 883 936 951 965 973 979 997 
57 58 79 84 108 177 240 411 473 474 509 519 563 569 579 659 664 798 801 860 871 881 906 911 914 923 946 959 963 969 
16 18 28 55 83 96 131 173 193 238 243 259 300 384 390 392 435 501 520 530 553 556 559 573 585 646 706 739 750 761 771 815 852 904 934 944 956 
11 49 77 86 162 165 167 221 251 257 267 284 303 359 405 458 581 666 682 704 723 726 758 819 823 847 858 875 886 901 910 918 919 986 
25 85 113 191 231 256 272 274 294 318 331 362 380 398 479 512 522 570 621 645 654 683 699 701 759 824 830 845 888 909 915 
29 59 91 139 182 226 245 269 340 456 498 503 528 591 595 727 782 785 791 803 842 856 876 889 898 907 925 989 
43 76 95 98 102 174 252 292 364 399 407 431 514 548 593 623 640 650 680 692 714 728 734 869 950 953 985 
4 54 61 111 148 151 171 223 279 325 334 470 532 534 630 642 676 690 725 730 746 774 778 941 949 962 
11 67 82 132 160 209 227 284 286 306 389 416 428 491 535 539 601 604 612 629 669 678 691 733 760 804 839 882 
72 119 144 157 181 192 285 312 313 319 374 435 451 525 696 711 752 765 783 814 837 838 857 897 920 
2 9 14 36 39 64 66 118 178 186 213 217 311 370 376 386 396 406 415 420 423 490 513 533 582 594 602 661 679 740 753 836 843 939 984 
7 31 101 109 115 121 270 305 354 379 444 455 544 625 647 712 722 729 769 820 872 874 927 970 991 995 
75 158 180 232 264 266 329 429 603 632 689 747 786 800 825 840 879 887 896 903 905 935 958 987 
22 23 51 71 104 125 134 155 172 175 204 241 258 310 373 540 587 614 672 710 792 795 831 
32 66 149 185 216 236 309 350 355 379 400 410 504 538 660 702 720 777 893 895 899 931 952 980 982 
44 202 203 218 230 260 324 338 536 541 551 589 631 688 754 762 788 832 929 974 998 
94 201 289 301 314 360 365 382 432 457 485 493 717 779 790 805 822 844 913 
13 17 27 170 189 208 263 321 341 439 445 531 561 580 681 695 757 773 916 
42 92 156 328 412 414 581 764 802 884 
