1	24 
2	26 
3	1 
4	21 
5	15 
6	2 
7	22 
8	17 
9	27 
10	13 
11	27 
12	30 
13	3 
14	3 
15	30 
16	5 
17	25 
18	24 
19	2 28 
20	17 
21	4 
22	15 
23	7 
24	15 
25	2 
26	12 
27	21 
28	29 
29	18 30 
30	25 
31	25 
32	18 
33	29 
34	12 20 
35	7 
36	18 
37	19 
38	7 
39	17 
40	12 
41	14 21 
42	18 21 
43	17 
44	8 
45	13 
46	29 
47	28 
48	24 
49	12 
50	13 
51	3 
52	2 
53	14 
54	19 
55	10 
56	7 
57	14 
58	5 
59	22 
60	15 
61	31 
62	29 
63	12 
64	6 
65	25 
66	6 
67	9 
68	7 
69	14 
70	28 
71	29 
72	1 
73	26 
74	4 31 
75	28 
76	31 
77	28 
78	11 
79	27 
80	13 
81	8 
82	5 
83	3 
84	14 26 
85	11 
86	23 
87	23 
88	6 
89	18 
90	12 
91	10 21 
92	27 
93	18 
94	23 
95	4 
96	19 
97	23 
98	24 
99	22 
100	9 
101	28 
102	18 
103	24 
104	18 31 
105	15 
106	9 
107	15 
108	8 
109	29 
110	28 
111	18 
112	11 
113	20 
114	3 
115	8 
116	6 
117	15 
118	19 
119	22 
120	22 
121	27 
122	9 
123	6 
124	25 28 
125	9 
126	30 
127	24 
128	19 
129	9 
130	28 
131	31 
132	22 
133	17 
134	25 
135	7 
136	7 19 
137	9 
138	10 
139	22 
140	13 
141	17 
142	29 
143	11 31 
144	8 
145	11 
146	10 
147	30 
148	17 
149	11 
150	28 
151	9 
152	18 
153	18 
154	10 
155	31 
156	6 
157	4 
158	23 
159	15 
160	8 31 
161	29 
162	1 
163	12 
164	24 
165	14 
166	18 
167	6 
168	9 
169	7 
170	5 
171	31 
172	11 
173	14 
174	14 26 
175	13 
176	14 
177	19 
178	19 
179	2 
180	22 
181	31 
182	4 
183	20 
184	7 
185	21 
186	22 
187	24 
188	28 
189	26 
190	11 
191	29 
192	20 
193	26 
194	25 
195	16 
196	12 15 
197	26 
198	15 21 
199	18 
200	25 
201	7 
202	9 
203	12 
204	29 
205	12 
206	22 
207	22 
208	12 
209	11 
210	16 
211	7 
212	24 
213	15 
214	6 28 
215	10 
216	26 
217	15 
218	22 
219	19 
220	7 
221	2 
222	2 
223	4 
224	6 
225	24 
226	7 
227	11 
228	6 
229	9 
230	29 
231	22 
232	16 
233	6 
234	7 15 
235	19 
236	7 
237	6 
238	11 
239	5 
240	7 
241	22 
242	6 21 
243	31 
244	1 
245	27 
246	9 
247	5 
248	26 
249	1 
250	13 
251	14 
252	8 
253	18 
254	20 
255	20 
256	3 
257	31 
258	6 
259	15 
260	3 
261	3 
262	5 
263	22 
264	5 
265	20 
266	19 
267	25 27 
268	1 
269	8 
270	29 
271	14 
272	25 
273	29 
274	23 
275	11 18 
276	7 
277	17 
278	14 
279	21 
280	6 11 
281	6 
282	18 
283	21 
284	3 
285	21 
286	29 
287	25 26 
288	18 
289	22 
290	9 
291	8 
292	31 
293	18 
294	3 
295	19 
296	26 
297	2 
298	15 29 
299	28 
300	6 
301	3 
302	15 
303	26 28 
304	29 
305	30 
306	31 
307	7 17 
308	2 
309	4 
310	12 
311	10 
312	6 27 
313	25 
314	23 
315	7 28 
316	17 
317	13 
318	2 
319	31 
320	28 
321	13 
322	13 14 
323	27 
324	29 
325	3 
326	6 
327	28 
328	23 
329	27 
330	1 28 
331	4 
332	9 
333	28 
334	9 
335	1 
336	10 
337	21 
338	25 
339	12 
340	18 
341	6 
342	15 
343	21 
344	26 
345	7 
346	22 
347	1 
348	14 
349	16 
350	7 
351	18 
352	22 
353	7 24 
354	14 
355	27 
356	29 
357	6 27 
358	4 
359	7 
360	23 
361	14 15 
362	13 
363	9 
364	12 
365	26 
366	2 
367	25 
368	25 
369	29 
370	29 
371	18 24 
372	20 
373	18 
374	19 
375	26 
376	10 17 
377	6 
378	22 
379	12 
380	14 
381	4 19 
382	15 
383	18 
384	21 27 
385	1 
386	22 
387	25 26 
388	4 12 
389	25 
390	5 
391	1 29 
392	28 31 
393	20 
394	18 
395	10 
396	29 
397	25 
398	5 
399	7 26 
400	31 
401	7 
402	7 
403	3 
404	17 
405	18 
406	13 
407	2 
408	14 
409	6 
410	14 
411	15 
412	26 
413	10 
414	8 
415	23 
416	29 
417	15 
418	9 
419	30 
420	26 
421	30 
422	1 
423	2 
424	24 
425	18 
426	19 
427	1 
428	9 
429	22 
430	12 
431	7 
432	29 
433	21 25 
434	12 
435	31 
436	11 12 
437	22 
438	12 
439	10 
440	11 
441	14 
442	1 28 
443	5 11 
444	19 
445	11 
446	2 
447	27 
448	17 
449	13 
450	15 30 
451	18 
452	11 
453	28 
454	28 
455	24 
456	31 
457	10 
458	16 
459	16 
460	9 
461	20 
462	14 
463	28 
464	12 
465	15 
466	18 
467	1 
468	21 26 
469	10 
470	12 
471	4 
472	2 
473	21 
474	13 
475	26 
476	9 
477	25 
478	4 28 
479	29 
480	3 14 
481	15 
482	28 
483	1 
484	18 28 
485	4 
486	23 
487	16 
488	31 
489	16 
490	6 
491	12 
492	22 
493	22 
494	26 31 
495	12 
496	26 
497	31 
498	29 
499	21 
500	1 
501	11 
502	16 
503	31 
504	11 
505	3 7 
506	29 
507	23 
508	1 
509	4 
510	7 18 
511	11 
512	15 
513	11 
514	20 
515	25 
516	18 
517	23 
518	4 
519	29 
520	1 
521	24 
522	27 
523	30 
524	9 
525	8 
526	20 
527	30 
528	14 
529	6 21 
530	26 
531	8 
532	23 
533	24 
534	6 
535	1 
536	2 
537	12 
538	28 
539	16 
540	19 
541	25 
542	27 
543	10 
544	6 
545	12 
546	15 
547	31 
548	10 21 
549	15 
550	14 
551	12 
552	11 
553	5 14 
554	16 
555	13 
556	18 
557	16 
558	19 
559	3 
560	26 
561	25 
562	21 
563	28 
564	31 
565	31 
566	28 
567	8 
568	20 
569	22 
570	20 
571	17 
572	3 
573	14 
574	15 
575	29 
576	7 25 
577	14 
578	8 
579	15 16 
580	6 
581	14 
582	7 14 
583	4 
584	12 23 
585	20 
586	21 
587	5 
588	11 
589	1 6 
590	5 
591	7 
592	11 
593	2 
594	25 
595	14 18 
596	10 
597	19 
598	23 
599	6 
600	23 
601	26 
602	26 
603	25 
604	31 
605	14 
606	21 
607	27 
608	16 
609	3 
610	19 
611	16 
612	22 
613	29 
614	1 
615	17 
616	28 
617	25 
618	18 
619	11 
620	3 
621	15 
622	2 10 
623	13 
624	14 
625	26 
626	27 
627	6 
628	2 
629	20 
630	8 
631	3 27 
632	4 
633	15 
634	29 
635	19 
636	6 
637	21 
638	2 
639	28 
640	18 
641	12 
642	16 
643	19 22 
644	21 
645	20 
646	12 
647	14 19 
648	26 
649	5 
650	7 
651	21 
652	14 
653	15 
654	1 
655	2 
656	20 
657	11 
658	13 
659	27 
660	14 21 
661	12 
662	13 
663	27 
664	27 
665	18 
666	14 
667	17 
668	18 
669	3 
670	23 
671	16 
672	9 
673	19 
674	17 
675	21 
676	5 
677	26 
678	9 
679	1 
680	3 
681	6 
682	25 
683	6 
684	29 
685	1 
686	1 13 
687	7 
688	26 
689	28 
690	28 
691	2 18 
692	23 
693	11 
694	1 
695	26 
696	15 
697	22 
698	24 
699	20 
700	3 
701	4 
702	19 
703	19 
704	6 
705	27 
706	16 
707	8 
708	22 
709	25 
710	9 
711	12 
712	6 
713	14 
714	29 31 
715	26 
716	12 
717	5 
718	20 
719	6 
720	27 
721	19 
722	24 
723	21 
724	20 
725	12 
726	25 
727	2 
728	6 
729	23 
730	7 
731	14 26 
732	18 
733	1 4 
734	18 
735	14 23 
736	20 
737	7 
738	17 
739	5 
740	3 
741	12 
742	6 27 
743	21 
744	28 
745	24 
746	15 
747	3 
748	25 
749	24 
750	28 
751	26 
752	2 
753	25 
754	12 
755	20 
756	4 30 
757	9 
758	6 12 
759	27 
760	15 
761	17 
762	31 
763	31 
764	18 27 
765	15 
766	13 
767	14 
768	25 
769	21 
770	28 
771	13 
772	10 
773	14 
774	8 
775	19 
776	15 
777	11 
778	2 
779	7 
780	24 
781	29 
782	10 
783	19 
784	5 
785	21 
786	30 
787	13 
788	7 
789	21 
790	16 
791	12 
792	28 
793	23 
794	4 
795	12 
796	26 
797	27 
798	11 
799	1 
800	17 
801	15 
802	17 
803	21 
804	23 
805	1 
806	30 
807	19 
808	20 
809	20 
810	24 
811	19 
812	17 
813	18 
814	5 
815	15 
816	27 
817	22 25 
818	25 
819	14 
820	7 
821	29 
822	19 
823	11 
824	26 
825	1 18 
826	21 
827	25 
828	14 
829	27 
830	9 
831	10 
832	9 
833	26 
834	12 
835	7 
836	2 
837	15 29 
838	16 
839	12 
840	30 
841	19 
842	1 
843	6 7 
844	15 
845	20 
846	30 
847	7 8 
848	16 
849	1 6 
850	10 
851	27 
852	11 
853	12 
854	13 
855	9 
856	1 
857	2 
858	15 
859	14 
860	23 27 
861	12 14 
862	28 
863	27 
864	17 
865	3 
866	18 
867	30 
868	25 
869	17 
870	27 
871	28 
872	23 
873	29 
874	29 
875	1 20 
876	6 
877	25 
878	16 
879	26 
880	21 
881	9 
882	2 
883	16 
884	8 
885	4 
886	7 21 
887	2 17 
888	26 
889	13 
890	14 
891	3 
892	2 
893	15 
894	8 
895	22 
896	2 3 
897	27 
898	4 
899	23 
900	7 
901	17 
902	16 
903	22 
904	15 
905	22 
906	11 
907	7 19 
908	11 21 
909	15 
910	30 
911	31 
912	11 
913	18 
914	5 
915	15 
916	26 
917	8 
918	18 
919	10 
920	8 
921	6 30 
922	30 
923	4 
924	11 
925	25 
926	7 
927	28 
928	28 
929	4 
930	7 
931	8 
932	27 
933	3 
934	24 
935	25 
936	28 
937	3 
938	21 
939	12 27 
940	18 
941	1 
942	22 
943	19 
944	27 
945	3 
946	11 
947	8 
948	27 
949	3 
950	16 
951	27 
952	26 
953	23 
954	4 
955	19 
956	2 
957	1 
958	20 
959	9 
960	17 
961	31 
962	31 
963	19 
964	19 
965	14 
966	1 
967	12 
968	6 
969	21 
970	23 
971	6 
972	21 
973	6 
974	27 
975	1 
976	15 
977	2 7 
978	29 
979	22 
980	18 
981	18 
982	15 
983	21 
984	23 
985	1 
986	5 21 
987	31 
988	12 
989	27 29 
990	3 
991	26 
992	31 
993	11 27 
994	3 
995	21 
996	25 
997	12 
998	12 21 
999	1 
1000	6 27 
