57 61 87 100 144 204 222 227 230 256 298 361 381 388 391 462 490 493 496 520 534 592 598 630 633 700 710 723 763 796 815 884 921 934 960
16 18 30 74 82 120 171 231 238 243 265 312 469 491 545 581 586 774 917 930
56 73 79 197 211 221 240 247 260 269 294 304 313 340 346 365 412 444 451 458 527 529 555 562 653 667 706 709 710 748 775 819 825 833 870 905 906 926 933 976
23 50 93 95 118 134 161 164 178 179 202 209 219 224 232 250 299 311 322 375 387 388 403 417 438 474 478 480 492 540 557 576 579 616 694 704 722 726 789 820 826 828 951
8 83 98 163 203 213 214 223 229 244 266 297 308 315 325 351 353 396 398 454 470 514 558 564 627 642 650 693 702 709 736 753 756 760 779 814 831 856 862 909 922 963 990 999
0 4 31 39 49 131 149 168 170 193 226 237 259 272 299 326 329 383 395 404 418 447 456 464 465 466 488 490 505 594 623 674 688 691 696 727 728 740 778 802 838 871 957
2 88 103 119 140 163 176 236 306 355 374 375 383 413 428 429 452 477 531 533 537 572 638 658 660 695 707 708 716 743 784 813 834 860 864 869 871 887 915 974 994
34 51 59 80 89 150 282 367 380 419 427 568 571 599 605 631 690 764 799 824 842 853 972
54 96 194 239 335 401 414 443 541 547 561 580 591 613 655 662 686 701 724 731 788 817 852 856 866 868 929 968 981
12 55 69 97 121 135 180 277 285 300 327 352 394 415 439 453 483 495 499 508 536 606 612 622 639 646 677 713 714 786 801 803 813 875 941
7 25 37 46 64 83 113 127 143 146 173 210 245 246 290 310 318 342 357 429 450 464 486 498 521 525 544 656 665 697 742 769 781 785 798 804 836 879 904 959 967 970 983 984 997
20 67 70 138 183 190 218 225 257 263 301 324 334 446 461 494 516 524 625 738 827 847 923 946 950 956 973 986
36 90 156 184 201 208 215 262 284 286 288 296 330 343 345 377 400 407 410 481 553 560 639 643 657 680 681 733 752 766 771 832 861 903 954 961 962 989
10 18 35 42 43 71 100 107 125 129 158 165 192 271 295 309 347 357 367 382 386 411 420 437 448 480 503 513 601 611 629 644 648 687 718 744 760 780 791 809 812 821 823 844 882 889 902 916 948
9 32 52 99 106 136 160 205 234 293 339 350 369 371 372 392 506 519 593 603 663 818 865 874 878 883 977
14 45 47 65 72 114 130 255 276 362 373 397 422 440 459 468 485 575 620 621 669 888 896 919 936
1 48 62 66 81 102 109 115 122 126 139 143 151 153 154 191 198 238 254 261 294 323 393 431 455 475 487 502 512 542 559 575 609 673 685 715 732 758 768 794 795 811 822 833 841 907 944 949
1 37 104 170 172 181 220 228 233 267 303 326 405 408 430 463 467 476 489 515 528 539 546 549 556 578 595 602 608 643 645 656 666 671 679 683 721 727 731 745 857 863 882 900 932 935 958
19 41 91 124 128 258 314 354 359 442 484 500 509 517 535 538 608 682 797 858 899 913 925 939
33 76 111 112 139 188 206 242 248 253 274 291 292 328 360 363 364 378 379 384 435 445 446 454 460 523 570 580 604 607 649 668 678 741 754 762 777 848 849 857 873 891 901 937 965 978 995 997
17 26 29 75 84 112 117 132 264 271 273 278 302 507 518 534 567 587 626 632 634 652 676 705 720 757 773 800 805 840 846 854 904 908 945 947 985 990
24 25 101 148 216 331 372 416 425 457 482 544 614 618 624 637 739 792 810 829 835 924 938
3 27 58 77 145 157 166 169 182 212 217 338 341 356 432 479 497 573 584 659 670 703 772 793 807 859 885 897 980 996
44 61 68 78 85 155 185 187 289 316 426 471 582 636 730 751 783 843 851 876 880 881 943 988
6 22 28 63 94 105 175 199 208 252 254 268 287 309 311 317 319 337 380 395 399 441 498 501 506 526 530 532 572 578 596 600 619 640 661 692 699 750 806 830 839 843 855 877 890 903 975 993
118 123 141 152 159 195 280 305 308 318 353 370 423 424 449 472 510 514 525 552 585 615 617 651 664 698 712 719 737 749 754 776 787 837 839 845 872 910 917 918 920 927 966 969 979 985 991 999
5 21 116 167 249 348 349 385 406 421 436 551 563 567 577 628 672 747 761 867 935 983
11 60 120 133 162 227 270 281 336 377 384 474 504 511 635 725 729 746 765 782 790 808 850 893 931 952 953
15 110 137 200 207 275 279 283 332 344 358 366 368 376 433 476 501 548 569 574 597 610 627 689 735 755 770 886 892 894 914 955 987 992
38 40 108 147 174 178 196 235 251 307 320 333 389 390 473 522 543 554 565 588 589 590 618 641 687 759 883 892 895 898 912 940 975
13 23 53 86 92 142 177 186 189 241 321 365 402 409 434 438 550 566 583 585 647 654 675 682 684 711 717 729 734 738 767 816 821 845 911 928 942 964 971 982 998
