59 69 72 95 98 114 147 272 273 277 320 420 473 489 564 572 581 624 627 655 686 718 774 806 815 835 840 860 872 892 896 911 918 930 955
53 80 85 172 185 202 210 232 244 302 317 367 387 389 474 499 534 630 766 905
12 18 52 55 62 91 101 114 121 123 178 189 204 293 297 314 327 360 382 383 410 424 455 470 478 508 514 538 579 621 671 687 749 751 775 842 924 952 977 993
64 78 87 92 116 169 177 198 258 271 272 295 375 376 423 430 480 485 506 518 541 542 546 590 617 643 651 740 743 744 776 792 804 886 888 895 909 915 947 959 961 978 981
24 32 66 111 132 142 159 192 226 290 353 384 428 454 459 467 582 592 607 612 625 631 680 683 699 723 727 738 745 772 778 837 839 913 914 925 937 971 980 983 986 993 995 999
7 17 58 150 151 175 191 217 263 280 291 334 363 388 393 404 408 469 494 501 519 542 544 558 571 604 619 641 648 672 714 756 824 864 874 877 878 889 900 954 955 979 984
3 8 15 54 97 157 222 266 296 307 345 395 400 418 461 465 484 487 497 536 540 599 603 608 612 618 628 648 692 709 736 753 807 808 811 823 867 878 886 932 934
56 167 187 207 208 218 252 264 323 361 377 391 452 462 507 527 586 589 596 799 813 841 945
112 117 156 174 181 192 260 278 300 370 374 411 427 435 471 496 535 545 552 559 577 620 638 724 725 729 787 880 898
22 49 96 149 166 168 227 274 276 311 345 365 434 510 553 565 595 623 639 649 704 761 786 805 819 826 847 863 865 882 891 908 921 923 949
0 77 103 105 199 205 211 241 242 312 402 421 439 464 497 521 525 529 533 547 549 555 558 561 593 646 668 677 690 728 735 750 777 778 827 910 933 935 946 950 964 973 985 992 998
47 89 99 119 143 158 223 230 257 322 329 336 347 412 425 432 523 528 530 601 611 645 741 780 783 870 887 926
40 63 127 166 182 231 233 282 283 342 348 381 409 426 450 513 522 560 575 591 626 684 691 697 711 737 746 768 790 814 820 829 859 876 879 939 944 970
43 51 57 86 118 155 170 199 237 239 250 251 254 256 298 301 340 367 385 444 447 453 498 504 511 548 582 583 588 643 657 676 681 682 686 689 696 703 715 747 764 797 902 945 958 963 966 989 994
2 4 28 84 130 160 171 221 246 303 305 358 398 448 466 537 550 654 663 670 748 831 834 849 852 869 871
30 74 139 186 190 225 249 261 265 269 275 319 321 431 517 584 605 640 688 739 763 767 846 857 938
5 42 68 194 197 204 262 304 306 315 325 333 344 357 359 369 387 396 416 456 463 491 500 514 539 543 570 578 597 615 650 658 659 660 674 710 734 770 785 817 832 875 933 938 943 960 996 997
20 75 76 93 105 107 126 152 165 183 191 237 247 284 286 328 349 351 356 433 439 471 477 500 515 532 566 571 576 622 636 675 685 711 712 755 762 784 795 803 873 883 885 900 922 988 991
31 46 50 61 70 234 255 268 349 401 415 417 429 457 520 587 642 702 719 722 731 801 816 848
25 27 36 73 104 120 135 196 213 253 270 308 316 338 339 386 390 413 422 427 440 443 456 479 482 486 505 532 574 610 635 662 669 779 791 830 858 881 903 914 919 926 929 953 968 974 976 998
67 90 102 109 110 138 153 243 248 250 279 292 380 397 403 406 437 438 443 458 475 598 602 637 661 667 721 758 777 806 851 853 854 866 931 936 962 995
6 100 103 122 128 146 203 219 235 289 305 313 335 372 451 526 616 633 695 716 717 750 771
21 26 88 94 113 161 184 201 216 240 310 332 364 371 472 551 557 563 613 647 653 694 726 773 781 822 868 894 899 920
81 129 136 137 173 214 309 324 352 414 476 489 509 569 629 632 673 698 732 825 833 836 844 856
34 35 41 48 71 141 148 154 176 177 352 368 392 445 448 449 463 483 507 522 524 568 593 672 676 707 708 742 752 754 760 765 798 820 821 838 843 885 917 932 942 948 956 957 965 969 972 987
1 14 19 23 79 80 83 124 132 179 188 220 224 236 288 339 362 366 373 378 394 421 436 493 503 585 600 602 634 644 656 678 679 683 713 810 812 850 901 904 915 925 946 967 969 982 990 999
9 13 39 44 60 82 228 341 407 468 495 652 693 700 705 730 755 782 794 800 851 992
10 59 104 140 163 180 209 238 281 299 342 354 376 399 419 446 460 502 567 580 606 666 793 802 818 855 905
38 45 106 108 115 134 162 229 267 285 287 290 330 331 346 355 379 441 442 481 488 531 594 614 707 759 762 788 809 861 884 890 928 941
11 29 106 122 131 144 145 160 164 193 245 259 294 318 337 343 350 405 485 490 512 573 609 664 665 720 797 828 862 907 916 927 987
16 31 33 37 65 91 125 133 195 200 206 209 212 215 322 326 362 394 492 506 516 548 554 556 562 617 701 706 733 757 769 789 796 845 893 897 906 912 940 951 975
